278159193857459
00001
12885747780
12899793340
172395042332034
172395040621938
13424554489
275678191192
012345678901234
88391519504796
172395042876459
172395052277656
5515384577
35345845739668
278159180492496
172395039595219
278159192802141
25771237
13434717443
12890714623
275680436862
278159182605231
275677309173
5519360019
5512490865
12886332773
278159192325154
5516557922
278159178726009
13423435985
88391520984115
88391518519701
12900056461
35345837343016
33133308
28639247
35345841659991
35345843534861
13436992201
12896474598
275678079115
278159179343196
12886597027
278159183687380
172395043577732
275675755485
13435651783
5511924406
23742524
22857915
88391523222551
88391523349378
13438466068
278159180769546
88391523042200
13435288354
35345845628156
12886720185
275669563601
35345848934479
22103949
172395044691750
5512242314
275673644866
13434376340
23317493
5514210479
12901303534
88391517842790
35345838373568
172395040254521
278159183388268
275682819905
88391530094254
35345842678434
35345843742086
275667580141
13424515227
35345846134064
88391530907162
88391518967002
278159185399135
35345841009684
30930071
13436203823
35345842919548
13422686556
5506996838
172395053768836
12891321737
88391519355649
12889985413
172395043165535
5516036610
88391525910076
26933166
35345843020820
35345846512695
172395040400605
88391519693880
000000001
